home_lat: 59.7885807
home_long: 10.2299074
home_elevation: 40
wu_apikey: 53242f52344adc75a
